U=[0 0 0 0; 0 0 0 0; 0 0 0 0; 0 0 0 0];
L=[0 0 0 0; -13.422 0 0 0; 0 -12.252 0 0; 0 0 -12.377 0];
M=L+U;
D=[13.422 0 0 0; 0 12.252 0 0; 0 0 12.377 0; 0 0 0 11.797];